00 00 00 30
ff 01 71 13
00 00 8d 9d
00 00 00 30
ff 01 71 13
00 00 8d 9d
00 00 00 30
ff 01 71 13
00 00 8d 9d
00 00 00 30
ff 01 71 13
00 00 8d 9d
00 00 00 30
ff 01 71 13
00 00 8d 9d
00 00 00 30
ff 01 71 13
00 00 8d 9d
00 00 00 30
ff 01 71 13
00 00 8d 9d
00 00 00 30
ff 01 71 13
00 00 8d 9d
00 00 00 30
ff 01 71 13
00 00 8d 9d
00 00 00 30
ff 01 71 13
00 00 8d 9d
00 00 00 30
ff 01 71 13
00 00 8d 9d
00 00 00 30
ff 01 71 13
00 00 8d 9d
00 00 00 30
ff 01 71 13
00 00 8d 9d
00 00 00 30
ff 01 71 13
00 00 8d 9d
00 00 00 30
ff 01 71 13
00 00 8d 9d
00 00 00 30
ff 01 71 13
00 00 8d 9d
00 00 00 30
ff 01 71 13
00 00 8d 9d
00 00 00 30
ff 01 71 13
00 00 8d 9d
00 00 00 30
ff 01 71 13
00 00 8d 9d
00 00 00 30
ff 01 71 13
00 00 8d 9d
00 00 00 30
ff 01 71 13
00 00 8d 9d
00 00 00 30
ff 01 71 13
00 00 8d 9d
00 00 00 30
ff 01 71 13
00 00 8d 9d
00 00 00 30
ff 01 71 13
00 00 8d 9d
ff 01 71 13
00 00 8d 9d
00 00 00 30
ff 01 71 13
00 00 8d 9d
00 00 00 30
ff 01 71 13
00 00 8d 9d
00 00 00 30
ff 01 71 13
00 00 8d 9d
00 00 00 30
ff 01 71 13
00 00 8d 9d
00 00 00 30
ff 01 71 13
00 00 8d 9d
00 00 00 30
ff 01 71 13
00 00 8d 9d
00 00 00 30
ff 01 71 13
00 00 8d 9d
00 00 00 30
ff 01 71 13
00 00 8d 9d
00 00 00 30
ff 01 71 13
00 00 8d 9d
00 00 00 30
ff 01 71 13
00 00 8d 9d
00 00 00 30
ff 01 71 13
00 00 8d 9d
